11 8 10000 103 4194304 2003500128 1468567 355813
10 8 10000 102 4194304 2003500381 1469051 355813
9 8 10000 101 4194304 2003500423 1469173 355813
0 8 10000 100 4194304 2003500067 2628965 359973
6 14 10000 100 4194304 2003600013 2766568 359973
5 13 10000 100 4194304 2003600046 2869986 359973
7 15 10000 100 4194304 2003600417 2981146 359973
3 11 10000 100 4194304 2003600325 2985527 359973
4 12 10000 100 4194304 2003600393 3020386 359973
1 9 10000 100 4194304 2003600248 3044215 359973
2 10 10000 100 4194304 2003600225 3095202 359973
