9 8 10000 101 4194304 2003500052 1469052 355813
10 8 10000 102 4194304 2003500197 1468921 355813
11 8 10000 103 4194304 2003500076 1469129 355813
0 8 10000 100 4194304 2003500117 2735407 359973
6 14 10000 100 4194304 2003600110 2733284 359973
1 9 10000 100 4194304 2003600033 2774551 359973
5 13 10000 100 4194304 2003600383 2820863 359973
7 15 10000 100 4194304 2003600268 2977596 359973
3 11 10000 100 4194304 2003600458 3020138 359973
2 10 10000 100 4194304 2003600200 3069219 359973
4 12 10000 100 4194304 2003600399 3093386 359973
