10 8 10000 102 4194304 2003500185 1468645 355813
9 8 10000 101 4194304 2003500272 1469048 355813
11 8 10000 103 4194304 2003500301 1469137 355813
2 10 10000 100 4194304 2003600033 2667237 359973
0 8 10000 100 4194304 2003500118 2891737 359973
3 11 10000 100 4194304 2003600007 2798100 359973
6 14 10000 100 4194304 2003600116 2915322 359973
4 12 10000 100 4194304 2003600419 3012695 359973
1 9 10000 100 4194304 2003600313 3050568 359973
5 13 10000 100 4194304 2003600130 3054523 359973
7 15 10000 100 4194304 2003600497 3096365 359973
