9 8 10000 101 4194304 2003500370 1468978 355813
11 8 10000 103 4194304 2003500471 1468995 355813
10 8 10000 102 4194304 2003500397 1469143 355813
3 11 10000 100 4194304 2003600014 2590954 359973
4 12 10000 100 4194304 2003600232 2674042 359973
2 10 10000 100 4194304 2003600460 2900822 359973
1 9 10000 100 4194304 2003600370 2909846 359973
5 13 10000 100 4194304 2003600472 2945324 359973
6 14 10000 100 4194304 2003600324 2998589 359973
0 8 10000 100 4194304 2003500310 3119685 359973
7 15 10000 100 4194304 2003600449 3095421 359973
