10 8 10000 102 4194304 2003500027 1469004 355813
11 8 10000 103 4194304 2003500042 1469020 355813
9 8 10000 101 4194304 2003500473 1469105 355813
4 12 10000 100 4194304 2003600153 2676143 359973
0 8 10000 100 4194304 2003500477 2833126 359973
6 14 10000 100 4194304 2003600302 2883045 359973
5 13 10000 100 4194304 2003600302 2893658 359973
7 15 10000 100 4194304 2003600291 2909561 359973
2 10 10000 100 4194304 2003600367 2993009 359973
1 9 10000 100 4194304 2003600417 3021231 359973
3 11 10000 100 4194304 2003600334 3095590 359973
